6.147319
6.101558
6.171868
5.452562
5.966334
5.929385
5.935378
2.229044
1.613523
1.560357
1.822413
2.216504
1.923194
2.115244
1.862742
2.508801
2.667701
2.720758
2.363711
2.849182
3.101036
2.407974
2.011352
2.659051
2.785312
2.869067
2.864282
2.95225
2.652265
2.871663
2.880159
2.887686
2.367949
2.856011
2.908917
2.92879
2.850439
3.15653
2.998415
2.99808
3.077908
2.872834
3.059306
3.095342
5.332231
6.408892
5.889336
5.738878
6.066964
6.149644
6.292785
6.063587
5.325864
5.908489
5.897585
6.068271
6.010845
5.909999
5.94651
5.623255
5.707972
5.777423
5.819323
5.655797
5.927226
5.614688
5.551916
5.651126
6.024066
5.496924
5.953143
5.828614
6.318551
6.054138
5.275769
5.87888
5.383628
5.871592
5.877718
5.828083
5.862059
5.921901
6.247304
5.648208
5.934245
5.760265
6.025607
6.056369
5.75447
6.256165
5.859506
6.151608
5.171761
5.697631
5.867423
5.815226
5.852905
5.807989
5.996426
6.003663
5.930983
5.88648
6.173362
6.184591
6.388033
6.034299
5.574614
6.133243
6.343944
5.952571
5.892073
6.177684
6.265496
6.283643
5.921475
6.160913
5.996229
6.318428
5.9417
5.887331
5.871904
6.112074
5.979935
5.388997
5.917339
6.176656
6.016252
6.125339
6.060728
6.318132
6.0038
5.981022
6.06506
5.91275
6.209478
6.164048
5.815976
6.088833
6.122884
6.006987
5.58975
6.285992
5.504911
5.990063
5.859253
5.081296
5.615264
5.830266
6.124861
5.720069
5.943004
5.915115
6.047497
6.123445
5.923175
6.020673
6.04963
5.455902
6.134918
5.836654
5.883799
5.76166
6.221561
6.016796
6.270019
6.099244
6.123354
5.76209
6.213409
6.166915
6.208173
6.000841
6.233208
5.929006
6.292421
6.029814
6.402453
0.830482
4.568478
5.943086
5.656103
5.818715
5.866706
5.933811
6.038921
5.4081
5.633055
5.751399
5.99564
5.518283
5.649779
5.29343
5.010949
5.763083
5.814969
5.478457
5.580319
4.877428
5.670028
5.557098
4.266089
5.771912
4.995027
5.831395
6.307183
6.153882
5.56693
6.061174
5.539994
5.868407
5.945579
6.166999
5.43092
5.569327
5.59268
5.799883
5.082381
5.697961
5.3443
5.545033
5.868257
5.275714
5.951712
6.190273
6.004346
5.849015
5.934323
6.165958
6.060375
5.78711
5.47295
5.225797
5.327273
5.661797
6.088807
5.196657
5.834197
5.889474
5.170997
5.057839
5.39767
5.707901
5.659217
5.414036
4.875686
5.597324
6.028182
5.573356
5.68952
5.762241
5.573921
5.634526
6.053834
5.145682
5.454606
5.769006
5.434119
5.475142
5.6558
4.254273
5.090715
4.643983
4.964628
5.123279
5.630139
5.001783
5.122908
4.273937
4.940212
5.587932
5.562066
5.092077
5.303908
6.108637
5.482885
5.736836
5.496368
5.869286
5.550696
5.403328
5.943266
6.090104
5.406486
6.008279
5.079475
5.455089
6.099449
5.414563
5.895345
6.231679
6.241493
5.950981
6.134089
5.852545
6.062621
5.494639
5.620603
5.966758
5.934575
5.960412
6.008457
5.991169
6.005356
5.731384
5.752712
5.649557
5.541791
5.556375
5.692038
5.648668
5.76976
5.495129
5.59524
5.615606
5.766337
6.129566
5.662622
5.971142
5.770925
5.427992
5.822738
5.892715
6.043933
5.753992
5.632279
5.765303
5.881127
5.405183
5.165973
5.806669
5.308589
6.1328
5.561898
6.136051
5.985401
5.211528
5.590303
5.481294
5.812265
4.805974
5.165977
5.054967
5.427804
5.765937
6.104234
6.037557
6.144586
5.584057
5.657245
5.477528
4.822084
5.637579
5.675702
5.782012
4.84016
5.691743
5.124216
5.297135
5.849266
5.162696
5.336012
5.187718
5.898634
5.398516
5.495728
6.048971
5.509968
6.041858
5.569799
5.874228
5.830274
5.00338
5.629584
5.828221
6.025174
4.439896
5.155489
4.92796
5.333695
5.831655
5.445366
5.226727
5.921286
5.264279
5.402173
5.259839
5.993825
5.743184
5.378073
5.618154
5.271951
5.452393
5.836207
5.023504
5.322535
5.335058
5.988159
2.560579
2.567974
2.383644
5.663251
6.197306
5.823182
5.98149
6.138341
6.145059
6.178373
5.934252
6.004678
5.448445
5.695589
6.177087
5.449791
5.636561
5.845648
5.890196
6.156724
5.997443
5.518088
5.329316
6.077206
6.119127
1.471493
2.033083
6.168719
5.754195
5.662405
5.522315
5.87622
5.592744
5.561521
5.940411
5.541406
5.756934
5.529229
5.66784
5.781119
5.367307
5.78523
6.010126
5.194821
5.168875
5.417877
5.769659
6.017374
5.596472
5.436855
5.962855
5.952152
6.169443
5.737454
5.600538
5.566095
5.816834
1.58397
1.749553
2.181649
1.837613
1.938
2.045674
2.049453
2.267189
2.203771
2.345951
2.223622
2.235044
2.218198
2.250314
5.376539
5.321405
5.391815
5.424333
5.285733
6.201926
1.931154
2.376821
2.917515
2.974614
2.980583
2.38718
2.429316
2.479002
2.405082
2.527593
2.550443
2.499571
2.571978
2.638873
2.590777
2.556542
2.558764
2.632765
2.645327
2.619919
2.674668
2.633697
2.618695
2.641309
2.95096
3.024326
3.053784
3.070631
3.087334
3.099539
3.085575
3.1209
2.76957
2.831528
2.833496
2.869802
2.87041
2.916002
2.952824
2.758466
2.89116
2.92756
2.918461
2.980671
2.996832
2.910114
2.946931
3.05746
2.910589
2.945912
3.06944
3.081254
2.922875
2.94713
2.94558
2.969994
2.933821
2.734161
2.883133
2.957631
2.813005
2.884853
2.919086
2.616605
2.678406
2.717723
2.76896
2.842226
2.785937
2.796243
2.825659
2.833315
2.78688
2.830866
2.87058
2.855286
2.862441
2.810635
2.661568
2.765646
2.776663
2.774391
2.805684
2.801505
2.843198
2.833746
2.860395
2.854979
2.748013
2.889925
2.835172
2.84983
2.850912
2.857054
3.859724
3.686012
3.735926
2.851243
2.82389
2.838475
2.822212
2.826075
2.901092
2.708107
2.803534
2.843986
2.850635
2.717519
2.769236
2.748359
2.931349
2.874109
2.886458
2.866493
2.953443
2.766083
2.884559
3.011679
2.625633
2.786578
2.901154
2.904322
3.102193
3.037131
2.788171
3.199794
3.121575
3.241158
3.042809
3.107513
3.135947
3.07247
3.189082
3.073161
3.147119
3.068617
3.143426
3.011635
3.234386
3.219952
3.204944
3.046452
3.185363
3.231538
3.140252
3.152549
3.231859
3.234027
3.131101
3.207167
3.129786
3.239358
3.267392
3.150652
3.263201
3.134653
3.099477
3.227568
3.229163
3.178631
3.164027
3.250496
3.253967
3.126806
3.232942
3.152038
3.17722
3.236538
3.207938
3.237673
3.216896
3.198233
3.176791
3.237278
3.239359
2.939963
2.968094
2.934616
2.961493
2.964994
2.969514
2.840048
2.848271
2.944499
2.844676
2.940913
2.978195
3.024849
3.070186
2.862002
2.921346
3.048814
3.053143
3.072059
3.082236
3.095009
3.018804
3.059197
3.062825
3.002343
2.899583
2.998603
2.771955
2.977589
2.996151
3.041173
3.008495
2.972092
3.0592
2.960723
3.055699
2.933241
3.029009
2.974723
3.048647
2.994007
3.090863
3.046297
3.058382
2.902295
3.006958
3.128951
3.150465
3.173281
3.104883
3.083698
3.084134
3.178664
3.160837
3.191476
3.098287
3.009289
3.127756
2.989274
3.160911
3.197916
3.085904
3.138023
3.172645
3.14924
3.181586
2.984214
3.053769
3.07158
2.923789
3.009267
3.091841
3.10228
3.120886
3.141557
3.123262
3.136253
3.138949
3.091432
3.106619
3.05922
3.018579
3.106187
2.931173
2.957021
3.013672
3.044807
2.899086
2.984388
3.001011
3.013812
3.041367
3.031064
3.039368
2.88992
2.918068
3.075854
3.043615
2.961389
3.076838
3.057742
3.015271
3.035929
3.033379
3.060031
3.041995
3.078202
3.012878
3.020307
3.029721
3.056663
3.07218
2.984731
3.032121
3.095315
3.094637
2.97803
3.087948
3.035035
3.069661
3.089723
3.037733
3.056173
3.088434
3.088831
3.032567
3.071176
3.177451
3.079771
3.099337
3.116305
3.122577
3.021109
2.994477
3.023535
3.066434
3.082282
3.045433
3.087466
3.079239
3.078006
3.041592
3.087412
3.040708
3.078483
3.119964
3.008656
3.100414
3.119978
3.058634
3.134462
2.926101
3.107723
3.113385
3.077098
3.048977
3.130162
3.117236
3.038944
3.117058
3.133089
3.049516
3.113248
